1
24
163
50 41
122 181
85 115
31 176
167 31
35 173
8 100
153 46
38 40
58 44
77 73
188 16
109 112
79 108
92 90
150 80
154 75
3 151
10 51
65 19
180 66
93 53
23 84
102 1
162 38
36 63
11 79
40 18
107 128
129 36
105 77
149 122
88 116
53 131
2 6
130 13
16 50
99 189
52 28
56 109
49 62
134 98
26 135
128 43
138 141
168 45
32 39
173 12
123 88
55 163
182 74
22 61
12 158
75 95
125 60
114 139
117 136
158 144
152 25
90 42
185 103
112 105
9 33
66 140
87 37
21 121
91 167
131 127
136 137
121 96
161 169
80 57
97 174
37 94
124 133
186 26
25 156
165 153
47 190
176 69
86 168
191 35
175 47
83 180
84 24
104 99
110 10
57 143
63 178
157 148
120 166
189 171
113 67
146 21
159 185
143 17
115 119
19 78
34 179
54 182
135 64
42 4
156 70
111 56
5 65
192 82
132 54
166 86
78 130
14 23
29 110
89 85
100 27
61 120
15 52
67 149
101 107
103 32
94 177
184 175
163 49
27 125
6 124
41 91
140 7
51 5
43 188
183 157
17 2
148 146
170 159
73 68
187 29
44 71
60 89
118 102
62 92
142 118
172 145
108 59
178 155
72 58
127 160
1 147
151 162
4 138
164 150
70 186
20 15
137 9
95 164
81 142
177 11
59 192
39 126
119 165
33 161
179 132
64 154
145 81
139 183
24 97
18 106
